475 326 180 73 0.500000 0.500000 1 
150 356 171 109 0.240000 0.370000 1 
237 277 179 143 0.530000 0.200000 1 
304 147 155 104 0.620000 0.160000 1 
409 205 163 58 0.590000 0.340000 1 
373 232 130 55 0.450000 0.400000 1 
355 290 158 53 0.360000 0.400000 1 
257 327 184 93 0.000000 0.320000 1 
418 254 192 83 0.460000 0.220000 1 
340 390 145 100 0.500000 0.500000 1 
249 329 181 144 0.500000 0.240000 1 
465 180 229 96 0.570000 0.120000 1 
340 193 155 57 0.260000 0.220000 1 
256 251 150 56 0.000000 0.310000 1 
246 260 161 82 0.420000 0.310000 1 
270 288 185 101 0.480000 0.310000 1 
455 283 209 98 0.540000 0.260000 1 
325 246 183 76 0.290000 0.230000 1 
510 296 168 63 0.500000 0.500000 1 
155 401 133 102 0.000000 0.430000 1 
441 217 191 98 0.560000 0.150000 1 
308 136 105 44 0.390000 0.210000 1 
387 254 116 41 0.000000 0.400000 1 
292 281 136 59 0.000000 0.400000 1 
241 293 148 67 0.000000 0.370000 1 
257 328 169 112 0.440000 0.320000 1 
377 231 190 89 0.510000 0.210000 1 
388 293 194 98 0.430000 0.260000 1 
336 422 103 141 0.500000 0.500000 1 
386 186 200 95 0.550000 0.140000 1 
378 266 197 84 0.430000 0.260000 1 
393 231 171 62 0.000000 0.250000 1 
241 294 163 89 0.000000 0.300000 1 
238 262 165 109 0.460000 0.250000 1 
262 300 169 125 0.520000 0.250000 1 
383 262 195 105 0.560000 0.170000 1 
406 164 169 73 0.490000 0.170000 1 
405 322 183 77 0.000000 0.340000 1 
452 400 131 133 0.500000 0.500000 1 
200 344 180 136 0.340000 0.200000 1 
340 153 202 99 0.510000 0.060000 1 
378 248 197 86 0.440000 0.220000 1 
396 253 192 84 0.000000 0.220000 1 
433 234 181 69 0.000000 0.220000 1 
442 219 165 67 0.000000 0.230000 1 
372 237 170 58 0.000000 0.290000 1 
295 249 168 69 0.000000 0.290000 1 
221 268 174 87 0.000000 0.290000 1 
349 412 114 131 0.500000 0.500000 1 
374 204 190 86 0.500000 0.190000 1 
169 324 182 116 0.390000 0.290000 1 
307 139 154 90 0.560000 0.160000 1 
356 224 140 57 0.530000 0.360000 1 
235 284 130 68 0.470000 0.400000 1 
250 243 115 60 0.560000 0.360000 1 
341 190 123 56 0.580000 0.360000 1 
360 251 113 45 0.520000 0.470000 1 
358 266 114 43 0.470000 0.470000 1 
424 388 146 108 0.500000 0.500000 1 
213 323 187 120 0.420000 0.240000 1 
303 164 172 89 0.530000 0.140000 1 
375 232 180 72 0.510000 0.300000 1 
383 259 176 68 0.420000 0.320000 1 
244 280 167 69 0.000000 0.320000 1 
202 262 165 87 0.430000 0.270000 1 
302 188 141 74 0.550000 0.270000 1 
363 218 138 53 0.520000 0.370000 1 
372 246 142 53 0.450000 0.410000 1 
372 382 157 107 0.500000 0.500000 1 
205 307 179 119 0.460000 0.250000 1 
304 154 165 100 0.590000 0.160000 1 
330 208 140 63 0.550000 0.330000 1 
366 227 130 54 0.490000 0.390000 1 
376 247 136 48 0.420000 0.410000 1 
394 276 140 49 0.000000 0.410000 1 
395 296 170 64 0.000000 0.370000 1 
263 293 170 71 0.000000 0.300000 1 
284 249 173 72 0.400000 0.240000 1 
473 344 177 79 0.500000 0.500000 1 
311 314 179 75 0.260000 0.340000 1 
290 257 178 76 0.260000 0.240000 1 
198 270 178 78 0.260000 0.240000 1 
309 216 170 81 0.480000 0.220000 1 
294 249 171 77 0.450000 0.280000 1 
202 279 170 103 0.450000 0.280000 1 
274 223 168 105 0.540000 0.220000 1 
315 295 189 108 0.540000 0.260000 1 
302 256 188 111 0.540000 0.190000 1 
317 392 143 107 0.500000 0.500000 1 
396 190 195 83 0.550000 0.220000 1 
304 294 181 82 0.420000 0.310000 1 
377 252 191 78 0.420000 0.250000 1 
344 230 166 59 0.000000 0.250000 1 
349 241 165 58 0.000000 0.300000 1 
260 256 159 68 0.000000 0.300000 1 
314 211 137 69 0.430000 0.300000 1 
372 230 140 49 0.390000 0.360000 1 
466 334 169 80 0.500000 0.500000 1 
302 309 180 77 0.260000 0.360000 1 
227 266 177 74 0.380000 0.250000 1 
196 258 177 102 0.460000 0.240000 1 
313 170 134 75 0.580000 0.240000 1 
359 218 136 56 0.520000 0.380000 1 
339 239 128 53 0.460000 0.420000 1 
344 242 117 45 0.400000 0.420000 1 
357 246 111 41 0.000000 0.420000 1 
291 260 121 44 0.000000 0.420000 1 
240 270 116 44 0.000000 0.420000 1 
248 252 122 56 0.440000 0.380000 1 
246 237 117 56 0.490000 0.380000 1 
327 201 98 49 0.540000 0.380000 1 
341 240 104 41 0.500000 0.460000 1 
317 269 133 53 0.440000 0.460000 1 
351 284 140 61 0.420000 0.420000 1 
380 293 165 62 0.360000 0.380000 1 
260 290 158 71 0.000000 0.320000 1 
237 276 172 91 0.430000 0.280000 1 
223 307 164 88 0.016667 0.400909 1 
166 269 144 68 0.026667 0.390909 1 
515 357 200 73 0.500000 0.500000 1 
153 331 175 111 0.000000 0.320000 1 
426 150 185 73 0.560000 0.200000 1 
192 360 134 79 0.390000 0.360000 1 
477 80 133 54 0.560000 0.190000 1 
188 391 139 108 0.000000 0.510000 1 
193 308 170 134 0.500000 0.290000 1 
481 220 219 108 0.620000 0.190000 1 
485 292 180 146 0.450000 0.220000 1 
158 360 173 147 0.000000 0.150000 1 
442 347 179 81 0.500000 0.500000 1 
149 350 181 121 0.340000 0.330000 1 
488 172 104 64 0.570000 0.170000 1 
118 299 167 102 0.000000 0.320000 1 
236 267 148 139 0.580000 0.250000 1 
528 233 234 105 0.680000 0.230000 1 
176 248 177 114 0.420000 0.230000 1 
463 168 182 63 0.580000 0.230000 1 
408 261 160 53 0.380000 0.380000 1 
235 287 143 67 0.200000 0.380000 1 
445 335 176 77 0.500000 0.500000 1 
165 347 189 109 0.380000 0.340000 1 
364 109 147 56 0.560000 0.190000 1 
382 266 142 64 0.440000 0.430000 1 
364 280 136 57 0.310000 0.420000 1 
204 294 139 66 0.000000 0.390000 1 
219 260 140 89 0.450000 0.330000 1 
235 274 168 112 0.530000 0.330000 1 
340 322 185 117 0.590000 0.310000 1 
481 240 219 108 0.550000 0.200000 1 
227 372 164 127 0.000000 0.200000 1 
193 256 165 167 0.490000 0.000000 1 
527 138 265 117 0.630000 0.000000 1 
320 210 180 74 0.000000 0.190000 1 
227 276 176 95 0.000000 0.280000 1 
441 251 203 90 0.460000 0.260000 1 
406 292 194 89 0.000000 0.260000 1 
251 279 204 101 0.000000 0.200000 1 
207 277 211 125 0.440000 0.180000 1 
336 164 198 74 0.550000 0.150000 1 
522 362 185 69 0.500000 0.500000 1 
121 303 201 94 0.000000 0.290000 1 
331 153 174 78 0.590000 0.220000 1 
262 278 149 106 0.530000 0.380000 1 
269 271 160 108 0.560000 0.350000 1 
257 277 168 115 0.610000 0.330000 1 
260 282 161 146 0.650000 0.290000 1 
286 284 155 150 0.680000 0.260000 1 
341 274 163 167 0.700000 0.200000 1 
350 288 185 146 0.640000 0.180000 1 
375 273 195 110 0.600000 0.140000 1 
371 263 208 103 0.520000 0.120000 1 
363 260 202 100 0.410000 0.120000 1 
389 236 186 108 0.000000 0.120000 1 
342 271 190 94 0.000000 0.120000 1 
221 268 205 124 0.000000 0.100000 1 
310 154 186 88 0.520000 0.090000 1 
315 206 164 69 0.450000 0.250000 1 
334 226 154 51 0.400000 0.320000 1 
319 363 175 99 0.500000 0.500000 1 
343 262 192 76 0.500000 0.310000 1 
339 271 187 72 0.460000 0.310000 1 
357 281 202 80 0.410000 0.280000 1 
376 305 193 99 0.000000 0.250000 1 
227 287 188 103 0.000000 0.160000 1 
218 290 185 151 0.460000 0.130000 1 
357 246 186 110 0.560000 0.080000 1 
379 225 197 105 0.500000 0.080000 1 
354 270 191 106 0.350000 0.100000 1 
409 261 160 111 0.000000 0.090000 1 
282 252 196 97 0.000000 0.090000 1 
178 259 175 112 0.410000 0.090000 1 
342 123 187 85 0.550000 0.090000 1 
408 263 191 69 0.460000 0.300000 1 
261 314 181 96 0.000000 0.300000 1 
257 260 170 111 0.450000 0.220000 1 
217 272 173 124 0.480000 0.220000 1 
261 279 168 150 0.560000 0.200000 1 
284 215 166 122 0.590000 0.180000 1 
223 307 164 88 0.016667 0.400909 1 
166 269 144 68 0.026667 0.390909 1 
515 357 200 73 0.500000 0.500000 1 
153 331 175 111 0.000000 0.320000 1 
426 150 185 73 0.560000 0.200000 1 
192 360 134 79 0.390000 0.360000 1 
477 80 133 54 0.560000 0.190000 1 
188 391 139 108 0.000000 0.510000 1 
193 308 170 134 0.500000 0.290000 1 
481 220 219 108 0.620000 0.190000 1 
485 292 180 146 0.450000 0.220000 1 
158 360 173 147 0.000000 0.150000 1 
349 381 156 137 0.500000 0.500000 1 
404 140 144 58 0.500000 0.240000 1 
233 318 136 69 0.270000 0.420000 1 
198 251 133 68 0.450000 0.320000 1 
242 254 148 97 0.570000 0.320000 1 
299 319 174 138 0.630000 0.320000 1 
456 114 168 64 0.630000 0.200000 1 
447 329 189 76 0.430000 0.420000 1 
317 341 194 89 0.000000 0.290000 1 
388 240 177 102 0.000000 0.150000 1 
376 363 175 87 0.500000 0.500000 1 
151 311 160 128 0.440000 0.300000 1 
319 185 155 131 0.620000 0.210000 1 
397 149 123 60 0.560000 0.300000 1 
481 293 164 45 0.420000 0.480000 1 
216 333 163 73 0.000000 0.390000 1 
178 274 151 121 0.470000 0.260000 1 
459 206 201 72 0.590000 0.240000 1 
245 235 151 59 0.410000 0.320000 1 
210 369 157 143 0.460000 0.320000 1 
191 168 106 103 0.590000 0.090000 1 
585 155 194 37 0.650000 0.290000 1 
449 299 159 67 0.370000 0.430000 1 
244 249 136 54 0.000000 0.320000 1 
287 357 170 116 0.450000 0.320000 1 
434 140 173 46 0.500000 0.140000 1 
442 421 103 90 0.500000 0.500000 1 
202 311 152 102 0.420000 0.170000 1 
227 279 135 134 0.530000 0.090000 1 
357 248 131 112 0.630000 0.050000 1 
387 273 125 89 0.590000 0.050000 1 
381 285 126 90 0.510000 0.030000 1 
343 220 143 86 0.240000 0.000000 1 
326 245 150 82 0.150000 0.070000 1 
257 220 157 70 0.000000 0.070000 1 
235 233 157 71 0.400000 0.130000 1 
240 239 154 88 0.460000 0.150000 1 
259 239 157 109 0.520000 0.150000 1 
257 245 146 122 0.550000 0.150000 1 
280 277 139 127 0.600000 0.150000 1 
271 220 129 135 0.610000 0.120000 1 
314 191 133 106 0.640000 0.190000 1 
307 225 136 83 0.610000 0.290000 1 
338 228 139 69 0.610000 0.310000 1 
318 251 133 68 0.550000 0.330000 1 
309 250 133 66 0.520000 0.330000 1 
378 439 85 94 0.500000 0.500000 1 
271 306 141 111 0.500000 0.140000 1 
351 197 150 83 0.540000 0.060000 1 
341 225 155 65 0.490000 0.150000 1 
318 235 159 54 0.420000 0.170000 1 
330 241 155 50 0.390000 0.170000 1 
333 233 152 50 0.340000 0.170000 1 
354 223 144 46 0.000000 0.180000 1 
373 227 143 45 0.000000 0.240000 1 
390 224 140 40 0.000000 0.260000 1 
409 228 135 40 0.000000 0.290000 1 
431 235 119 45 0.000000 0.330000 1 
440 229 114 44 0.000000 0.330000 1 
436 263 122 43 0.000000 0.350000 1 
422 282 141 48 0.000000 0.350000 1 
394 287 148 53 0.000000 0.310000 1 
348 302 158 59 0.000000 0.260000 1 
294 297 157 66 0.000000 0.170000 1 
243 313 145 78 0.410000 0.110000 1 
491 422 97 85 0.500000 0.500000 1 
199 302 153 89 0.370000 0.150000 1 
293 168 160 76 0.510000 0.080000 1 
353 224 157 65 0.490000 0.220000 1 
330 229 148 61 0.450000 0.250000 1 
330 236 142 58 0.400000 0.270000 1 
344 245 141 50 0.350000 0.270000 1 
284 238 135 52 0.000000 0.270000 1 
250 255 150 56 0.020000 0.270000 1 
256 244 139 56 0.420000 0.270000 1 
311 202 130 58 0.470000 0.270000 1 
310 227 106 45 0.450000 0.360000 1 
325 219 103 47 0.450000 0.380000 1 
238 270 100 51 0.400000 0.410000 1 
258 231 91 50 0.460000 0.370000 1 
290 250 112 65 0.520000 0.380000 1 
262 271 113 69 0.520000 0.380000 1 
290 276 134 81 0.560000 0.360000 1 
286 295 151 109 0.560000 0.340000 1 
372 276 157 79 0.590000 0.280000 1 
426 444 76 94 0.500000 0.500000 1 
243 247 151 86 0.460000 0.120000 1 
244 209 151 94 0.500000 0.120000 1 
314 171 143 81 0.550000 0.150000 1 
340 247 150 55 0.490000 0.300000 1 
348 260 141 52 0.430000 0.300000 1 
310 251 134 54 0.360000 0.300000 1 
338 243 131 50 0.360000 0.300000 1 
382 246 132 51 0.000000 0.300000 1 
382 244 133 52 0.000000 0.300000 1 
388 267 146 53 0.000000 0.300000 1 
293 274 151 57 0.000000 0.290000 1 
220 284 155 64 0.000000 0.250000 1 
316 192 142 53 0.470000 0.220000 1 
333 249 132 49 0.410000 0.320000 1 
311 251 129 43 0.360000 0.320000 1 
308 247 126 51 0.360000 0.320000 1 
307 248 126 51 0.360000 0.320000 1 
247 260 132 53 0.360000 0.320000 1 
247 256 134 65 0.440000 0.320000 1 
290 419 106 91 0.500000 0.500000 1 
343 217 162 77 0.550000 0.180000 1 
367 226 147 62 0.510000 0.210000 1 
334 311 153 77 0.440000 0.230000 1 
272 305 142 91 0.440000 0.140000 1 
372 250 140 84 0.470000 0.070000 1 
222 316 140 94 0.400000 0.070000 1 
256 174 158 91 0.490000 0.000000 1 
267 188 154 79 0.490000 0.110000 1 
358 213 156 61 0.490000 0.200000 1 
353 246 152 61 0.430000 0.250000 1 
226 281 151 60 0.350000 0.250000 1 
247 252 152 76 0.450000 0.220000 1 
261 239 145 81 0.510000 0.220000 1 
262 248 140 104 0.550000 0.220000 1 
306 185 132 85 0.610000 0.220000 1 
343 229 125 64 0.570000 0.340000 1 
394 229 131 53 0.540000 0.360000 1 
365 286 142 53 0.450000 0.380000 1 
454 381 153 71 0.500000 0.500000 1 
290 313 160 98 0.410000 0.250000 1 
357 175 156 64 0.510000 0.140000 1 
301 245 140 52 0.410000 0.270000 1 
312 220 138 50 0.410000 0.270000 1 
232 261 127 54 0.370000 0.310000 1 
242 275 135 73 0.440000 0.310000 1 
247 277 137 82 0.500000 0.290000 1 
269 304 141 106 0.550000 0.270000 1 
306 302 144 116 0.600000 0.190000 1 
387 219 152 85 0.600000 0.120000 1 
308 206 158 72 0.500000 0.150000 1 
237 262 154 82 0.470000 0.220000 1 
236 254 153 106 0.520000 0.220000 1 
318 190 142 73 0.580000 0.220000 1 
309 213 127 65 0.530000 0.300000 1 
343 222 128 54 0.500000 0.340000 1 
241 284 134 71 0.450000 0.360000 1 
288 266 147 77 0.510000 0.310000 1 
351 283 157 73 0.510000 0.300000 1 
383 411 111 90 0.500000 0.500000 1 
192 303 157 115 0.460000 0.190000 1 
343 126 157 102 0.620000 0.110000 1 
399 236 149 61 0.540000 0.310000 1 
378 264 162 61 0.430000 0.310000 1 
327 338 164 70 0.000000 0.310000 1 
285 304 151 82 0.000000 0.160000 1 
297 313 141 92 0.400000 0.090000 1 
193 302 136 114 0.430000 0.010000 1 
293 166 154 102 0.540000 0.000000 1 
333 183 159 79 0.510000 0.140000 1 
343 230 145 60 0.470000 0.250000 1 
331 255 148 59 0.390000 0.270000 1 
371 271 151 53 0.340000 0.270000 1 
310 303 157 71 0.000000 0.250000 1 
201 244 146 71 0.000000 0.180000 1 
279 258 158 92 0.480000 0.180000 1 
281 312 148 117 0.510000 0.180000 1 
384 266 135 87 0.540000 0.090000 1 
330 203 162 76 0.480000 0.080000 1 
350 448 66 109 0.500000 0.500000 1 
210 263 159 121 0.500000 0.120000 1 
302 171 146 111 0.610000 0.120000 1 
320 205 141 82 0.570000 0.250000 1 
314 222 122 68 0.550000 0.310000 1 
350 212 119 61 0.520000 0.340000 1 
333 254 123 54 0.450000 0.390000 1 
225 311 127 64 0.400000 0.390000 1 
260 279 130 86 0.520000 0.300000 1 
304 286 143 112 0.580000 0.270000 1 
330 263 163 106 0.580000 0.240000 1 
326 273 161 103 0.540000 0.240000 1 
319 271 159 89 0.510000 0.220000 1 
339 259 162 79 0.490000 0.200000 1 
328 273 157 79 0.460000 0.200000 1 
317 298 157 78 0.410000 0.180000 1 
273 285 147 83 0.410000 0.120000 1 
266 272 152 98 0.460000 0.080000 1 
272 287 132 109 0.490000 0.060000 1 
337 268 125 97 0.540000 0.020000 1 
290 426 94 131 0.500000 0.500000 1 
249 224 136 108 0.590000 0.150000 1 
342 172 136 110 0.640000 0.190000 1 
358 245 143 80 0.580000 0.320000 1 
312 281 148 86 0.520000 0.320000 1 
331 264 150 78 0.520000 0.290000 1 
270 313 151 91 0.470000 0.290000 1 
354 244 165 72 0.520000 0.210000 1 
338 251 157 58 0.470000 0.210000 1 
292 243 149 56 0.410000 0.210000 1 
242 246 148 69 0.410000 0.210000 1 
285 209 141 64 0.460000 0.210000 1 
291 224 139 60 0.460000 0.280000 1 
251 252 131 69 0.460000 0.300000 1 
257 253 127 72 0.500000 0.300000 1 
307 214 121 67 0.540000 0.300000 1 
312 232 122 61 0.510000 0.350000 1 
274 256 116 63 0.510000 0.360000 1 
320 254 122 68 0.550000 0.360000 1 
528 331 178 50 0.500000 0.500000 1 
267 324 153 57 0.000000 0.340000 1 
235 255 144 61 0.390000 0.240000 1 
246 243 150 101 0.460000 0.240000 1 
265 264 136 85 0.500000 0.240000 1 
267 232 135 96 0.550000 0.240000 1 
261 251 129 99 0.570000 0.250000 1 
286 252 127 106 0.630000 0.250000 1 
326 265 142 114 0.630000 0.250000 1 
353 290 156 96 0.590000 0.250000 1 
340 316 142 97 0.560000 0.200000 1 
367 297 135 81 0.530000 0.110000 1 
333 201 184 66 0.490000 0.060000 1 
271 219 159 72 0.440000 0.130000 1 
246 233 157 74 0.470000 0.170000 1 
308 189 145 68 0.510000 0.180000 1 
319 219 143 54 0.490000 0.280000 1 
319 245 140 51 0.440000 0.310000 1 
237 279 138 63 0.410000 0.310000 1 
251 247 145 88 0.500000 0.270000 1 
310 445 70 94 0.500000 0.500000 1 
320 150 153 81 0.540000 0.100000 1 
271 256 148 99 0.490000 0.270000 1 
268 239 130 78 0.530000 0.270000 1 
272 245 129 89 0.580000 0.270000 1 
248 281 142 111 0.590000 0.270000 1 
312 204 126 98 0.660000 0.220000 1 
302 225 122 71 0.630000 0.310000 1 
342 208 126 71 0.630000 0.330000 1 
353 237 111 64 0.590000 0.390000 1 
334 252 126 53 0.510000 0.390000 1 
295 288 135 61 0.480000 0.390000 1 
263 282 129 75 0.510000 0.340000 1 
250 285 147 102 0.530000 0.310000 1 
348 246 155 77 0.570000 0.260000 1 
343 244 151 60 0.520000 0.260000 1 
307 239 145 60 0.450000 0.260000 1 
342 219 148 47 0.450000 0.260000 1 
260 250 135 61 0.400000 0.290000 1 
226 261 139 60 0.410000 0.290000 1 
307 423 97 131 0.500000 0.500000 1 
305 198 143 86 0.540000 0.180000 1 
305 198 139 73 0.510000 0.260000 1 
249 280 144 91 0.500000 0.330000 1 
239 271 132 94 0.540000 0.300000 1 
258 247 126 101 0.600000 0.280000 1 
331 193 119 77 0.640000 0.280000 1 
331 277 134 78 0.580000 0.380000 1 
270 307 140 95 0.540000 0.360000 1 
283 278 157 103 0.580000 0.280000 1 
334 241 165 98 0.610000 0.250000 1 
353 246 156 91 0.560000 0.250000 1 
373 251 162 72 0.510000 0.250000 1 
360 253 154 67 0.440000 0.250000 1 
307 241 147 57 0.340000 0.250000 1 
234 237 136 57 0.340000 0.250000 1 
244 220 138 68 0.450000 0.250000 1 
259 253 122 73 0.500000 0.290000 1 
312 261 141 88 0.560000 0.290000 1 
365 257 159 83 0.560000 0.290000 1 
351 427 96 136 0.500000 0.500000 1 
327 193 159 76 0.500000 0.160000 1 
246 278 158 93 0.470000 0.250000 1 
270 226 133 84 0.520000 0.230000 1 
351 198 146 66 0.560000 0.270000 1 
239 281 129 78 0.480000 0.350000 1 
240 254 122 86 0.550000 0.320000 1 
335 243 138 86 0.620000 0.320000 1 
340 257 150 84 0.570000 0.320000 1 
356 290 156 73 0.510000 0.320000 1 
380 289 162 69 0.480000 0.280000 1 
292 255 153 63 0.390000 0.240000 1 
233 276 154 79 0.390000 0.240000 1 
247 227 139 105 0.470000 0.210000 1 
259 239 135 127 0.530000 0.230000 1 
272 201 137 88 0.560000 0.230000 1 
336 212 128 66 0.560000 0.320000 1 
377 240 137 66 0.520000 0.370000 1 
267 317 141 82 0.450000 0.370000 1 
382 250 162 91 0.490000 0.270000 1 
468 420 99 73 0.500000 0.500000 1 
189 260 171 86 0.390000 0.150000 1 
297 161 165 66 0.500000 0.150000 1 
380 217 145 50 0.490000 0.300000 1 
242 269 122 44 0.390000 0.340000 1 
289 240 130 58 0.440000 0.320000 1 
234 269 139 76 0.440000 0.320000 1 
343 239 142 76 0.500000 0.300000 1 
381 271 161 88 0.470000 0.300000 1 
191 342 146 123 0.410000 0.280000 1 
434 202 166 86 0.570000 0.140000 1 
389 240 175 52 0.410000 0.200000 1 
273 272 165 64 0.000000 0.200000 1 
227 254 162 98 0.400000 0.180000 1 
352 265 161 104 0.470000 0.180000 1 
313 239 174 78 0.390000 0.180000 1 
234 237 155 103 0.390000 0.180000 1 
197 244 143 105 0.460000 0.180000 1 
287 177 146 96 0.580000 0.180000 1 
286 428 90 121 0.500000 0.500000 1 
352 163 140 84 0.600000 0.130000 1 
356 244 154 61 0.510000 0.280000 1 
362 265 143 73 0.460000 0.280000 1 
319 332 151 84 0.410000 0.280000 1 
201 322 126 139 0.410000 0.150000 1 
331 119 188 63 0.530000 0.050000 1 
385 229 175 53 0.480000 0.260000 1 
256 258 147 82 0.330000 0.280000 1 
308 225 149 63 0.410000 0.280000 1 
244 246 129 77 0.410000 0.300000 1 
286 208 122 63 0.480000 0.300000 1 
303 272 127 69 0.480000 0.370000 1 
290 290 136 83 0.480000 0.350000 1 
338 266 150 92 0.510000 0.300000 1 
235 354 140 116 0.460000 0.290000 1 
446 228 157 109 0.570000 0.150000 1 
227 260 166 85 0.420000 0.160000 1 
311 171 150 59 0.490000 0.160000 1 
464 400 129 84 0.500000 0.500000 1 
215 285 154 78 0.400000 0.210000 1 
311 174 163 61 0.510000 0.170000 1 
366 252 153 49 0.470000 0.310000 1 
263 260 142 65 0.370000 0.310000 1 
241 267 136 76 0.420000 0.310000 1 
212 284 133 91 0.460000 0.300000 1 
399 216 159 70 0.580000 0.270000 1 
373 292 160 63 0.450000 0.320000 1 
259 301 159 82 0.410000 0.260000 1 
243 257 144 94 0.470000 0.190000 1 
305 190 138 75 0.510000 0.190000 1 
226 248 138 76 0.470000 0.290000 1 
249 234 119 87 0.540000 0.290000 1 
386 201 148 64 0.600000 0.300000 1 
359 293 159 59 0.490000 0.360000 1 
225 316 153 88 0.450000 0.300000 1 
338 162 144 62 0.560000 0.200000 1 
245 291 121 85 0.500000 0.350000 1 
338 255 162 69 0.550000 0.290000 1 
425 353 145 63 0.500000 0.500000 1 
204 320 150 92 0.420000 0.320000 1 
386 169 143 57 0.550000 0.220000 1 
364 314 152 62 0.420000 0.370000 1 
385 285 155 64 0.360000 0.250000 1 
242 293 161 77 0.000000 0.190000 1 
383 267 145 82 0.480000 0.130000 1 
342 229 149 63 0.350000 0.130000 1 
406 237 146 74 0.000000 0.170000 1 
433 242 142 74 0.000000 0.170000 1 
326 218 149 62 0.000000 0.170000 1 
215 257 157 69 0.000000 0.200000 1 
214 236 139 91 0.480000 0.200000 1 
349 149 140 66 0.550000 0.200000 1 
394 256 136 49 0.460000 0.360000 1 
308 342 153 68 0.310000 0.360000 1 
330 308 167 81 0.390000 0.190000 1 
178 304 145 95 0.390000 0.110000 1 
385 99 159 65 0.550000 0.040000 1 
366 258 146 55 0.410000 0.300000 1 
431 411 112 82 0.500000 0.500000 1 
382 223 157 59 0.440000 0.200000 1 
234 286 145 61 0.000000 0.260000 1 
188 262 146 91 0.430000 0.220000 1 
241 241 127 96 0.560000 0.220000 1 
340 179 141 89 0.610000 0.220000 1 
377 257 141 65 0.550000 0.370000 1 
344 294 151 85 0.470000 0.370000 1 
374 291 160 58 0.420000 0.310000 1 
227 303 149 100 0.320000 0.250000 1 
168 261 144 116 0.460000 0.180000 1 
358 163 141 83 0.590000 0.180000 1 
387 246 143 58 0.500000 0.350000 1 
361 319 159 64 0.410000 0.350000 1 
201 310 160 82 0.350000 0.220000 1 
297 312 120 96 0.500000 0.140000 1 
421 168 153 81 0.540000 0.050000 1 
353 232 155 62 0.400000 0.190000 1 
226 259 155 64 0.000000 0.200000 1 
268 279 151 89 0.450000 0.200000 1 
509 323 155 50 0.500000 0.500000 1 
235 339 151 60 0.000000 0.370000 1 
215 224 150 67 0.440000 0.230000 1 
330 182 128 43 0.510000 0.290000 1 
337 226 106 38 0.470000 0.390000 1 
233 277 101 48 0.410000 0.420000 1 
259 259 101 67 0.490000 0.370000 1 
237 276 109 84 0.530000 0.370000 1 
236 265 114 85 0.590000 0.350000 1 
271 256 106 87 0.670000 0.350000 1 
257 265 103 82 0.690000 0.350000 1 
326 252 117 87 0.760000 0.350000 1 
319 298 139 107 0.720000 0.350000 1 
378 274 152 114 0.720000 0.270000 1 
317 361 123 133 0.630000 0.250000 1 
359 297 104 133 0.630000 0.040000 1 
366 294 109 81 0.560000 0.000000 1 
294 206 147 87 0.500000 0.000000 1 
304 160 162 83 0.500000 0.090000 1 
361 244 158 68 0.450000 0.220000 1 
444 341 151 56 0.500000 0.500000 1 
349 297 136 50 0.380000 0.340000 1 
133 294 140 80 0.000000 0.280000 1 
285 163 129 62 0.550000 0.220000 1 
279 242 98 55 0.530000 0.390000 1 
341 225 102 55 0.560000 0.390000 1 
214 288 91 62 0.490000 0.430000 1 
284 247 109 69 0.610000 0.380000 1 
351 213 95 53 0.630000 0.380000 1 
351 260 103 52 0.550000 0.470000 1 
339 268 96 38 0.510000 0.470000 1 
250 304 105 56 0.470000 0.460000 1 
262 256 117 60 0.550000 0.390000 1 
303 224 93 55 0.570000 0.390000 1 
361 228 101 43 0.570000 0.440000 1 
349 261 98 44 0.520000 0.460000 1 
341 261 95 37 0.480000 0.460000 1 
319 293 108 45 0.420000 0.460000 1 
329 266 125 56 0.420000 0.400000 1 
335 283 131 60 0.380000 0.380000 1 
482 354 159 67 0.500000 0.500000 1 
353 304 153 83 0.270000 0.300000 1 
204 227 141 54 0.000000 0.220000 1 
332 175 121 41 0.450000 0.240000 1 
385 262 132 38 0.400000 0.390000 1 
388 251 122 33 0.000000 0.390000 1 
394 245 106 41 0.000000 0.390000 1 
395 236 108 42 0.000000 0.390000 1 
418 268 114 45 0.000000 0.390000 1 
310 295 136 64 0.000000 0.340000 1 
325 319 151 57 0.000000 0.280000 1 
328 322 151 84 0.000000 0.170000 1 
187 282 147 86 0.000000 0.060000 1 
216 190 147 107 0.490000 0.020000 1 
297 136 136 91 0.540000 0.130000 1 
288 213 130 52 0.480000 0.310000 1 
275 225 112 49 0.480000 0.360000 1 
237 246 96 76 0.510000 0.380000 1 
296 204 92 51 0.570000 0.380000 1 
325 279 93 50 0.530000 0.490000 1 
396 410 119 82 0.500000 0.500000 1 
433 213 161 65 0.470000 0.170000 1 
360 241 154 57 0.000000 0.240000 1 
398 225 132 59 0.000000 0.240000 1 
292 227 147 35 0.000000 0.270000 1 
227 243 151 49 0.000000 0.290000 1 
285 191 106 37 0.430000 0.290000 1 
295 215 94 39 0.430000 0.380000 1 
294 225 85 41 0.430000 0.410000 1 
264 256 88 46 0.430000 0.440000 1 
245 272 90 54 0.450000 0.440000 1 
249 255 99 58 0.520000 0.400000 1 
331 237 104 62 0.560000 0.400000 1 
350 252 113 48 0.540000 0.400000 1 
219 297 109 74 0.480000 0.400000 1 
333 199 103 48 0.580000 0.350000 1 
307 284 112 65 0.530000 0.450000 1 
244 306 122 83 0.530000 0.390000 1 
293 297 134 96 0.590000 0.310000 1 
396 257 162 85 0.610000 0.250000 1 
473 370 151 65 0.500000 0.500000 1 
348 261 146 48 0.380000 0.280000 1 
385 248 139 67 0.000000 0.280000 1 
432 242 131 41 0.000000 0.280000 1 
406 225 134 55 0.000000 0.280000 1 
333 244 143 38 0.000000 0.300000 1 
267 254 144 53 0.000000 0.300000 1 
326 262 132 57 0.400000 0.300000 1 
248 293 166 62 0.360000 0.300000 1 
306 284 157 90 0.470000 0.240000 1 
247 225 144 94 0.470000 0.200000 1 
296 196 142 61 0.510000 0.230000 1 
336 222 138 40 0.480000 0.330000 1 
250 269 124 61 0.450000 0.370000 1 
249 251 118 76 0.520000 0.350000 1 
248 253 109 89 0.560000 0.350000 1 
328 204 111 60 0.630000 0.350000 1 
320 241 97 45 0.570000 0.430000 1 
256 268 91 60 0.540000 0.430000 1 
278 249 93 61 0.590000 0.420000 1 
479 331 168 73 0.500000 0.500000 1 
340 267 142 62 0.270000 0.260000 1 
367 230 130 48 0.000000 0.260000 1 
372 210 108 34 0.000000 0.280000 1 
329 239 108 31 0.000000 0.350000 1 
275 248 103 31 0.000000 0.350000 1 
316 236 105 38 0.120000 0.350000 1 
344 252 118 41 0.100000 0.350000 1 
385 243 111 32 0.000000 0.350000 1 
411 231 104 33 0.000000 0.350000 1 
280 264 112 49 0.000000 0.370000 1 
306 236 105 35 0.000000 0.370000 1 
357 231 102 38 0.000000 0.370000 1 
396 280 132 51 0.000000 0.390000 1 
440 260 133 55 0.000000 0.350000 1 
334 245 131 36 0.000000 0.350000 1 
302 220 100 38 0.000000 0.350000 1 
241 261 96 49 0.000000 0.400000 1 
383 212 95 35 0.450000 0.400000 1 
362 284 104 37 0.300000 0.440000 1 
529 317 162 56 0.500000 0.500000 1 
258 292 129 62 0.000000 0.370000 1 
282 219 110 41 0.380000 0.320000 1 
412 224 110 41 0.380000 0.350000 1 
469 269 129 52 0.000000 0.390000 1 
477 229 95 34 0.000000 0.370000 1 
404 250 107 37 0.000000 0.400000 1 
312 264 108 45 0.000000 0.400000 1 
250 292 126 56 0.000000 0.400000 1 
413 279 140 56 0.430000 0.340000 1 
291 256 144 37 0.000000 0.310000 1 
344 215 115 34 0.000000 0.310000 1 
441 236 109 42 0.000000 0.360000 1 
291 267 121 63 0.000000 0.360000 1 
169 316 130 87 0.000000 0.350000 1 
382 135 122 38 0.530000 0.260000 1 
373 252 89 35 0.400000 0.450000 1 
365 291 107 39 0.280000 0.450000 1 
412 314 138 51 0.000000 0.400000 1 
399 211 124 34 0.000000 0.280000 1 
490 311 154 53 0.500000 0.500000 1 
365 272 117 34 0.180000 0.390000 1 
281 265 106 35 0.000000 0.370000 1 
203 265 112 61 0.360000 0.370000 1 
325 281 141 55 0.460000 0.370000 1 
431 221 140 41 0.460000 0.340000 1 
204 297 137 53 0.000000 0.360000 1 
218 228 114 62 0.460000 0.300000 1 
413 172 107 42 0.520000 0.320000 1 
394 288 103 40 0.360000 0.460000 1 
442 267 103 44 0.000000 0.410000 1 
321 265 114 34 0.000000 0.400000 1 
204 294 120 63 0.000000 0.400000 1 
271 281 137 81 0.500000 0.340000 1 
469 186 142 48 0.550000 0.310000 1 
343 274 116 32 0.350000 0.410000 1 
348 296 130 43 0.350000 0.390000 1 
219 279 141 67 0.000000 0.320000 1 
232 262 126 96 0.420000 0.290000 1 
302 292 155 99 0.480000 0.290000 1 
410 379 155 77 0.500000 0.500000 1 
418 177 115 43 0.440000 0.270000 1 
239 291 102 44 0.000000 0.420000 1 
202 261 114 59 0.420000 0.360000 1 
380 258 149 57 0.530000 0.360000 1 
492 291 171 61 0.430000 0.360000 1 
177 282 139 72 0.000000 0.310000 1 
174 269 135 99 0.470000 0.280000 1 
383 143 130 60 0.620000 0.270000 1 
404 247 101 39 0.480000 0.470000 1 
361 260 94 36 0.390000 0.470000 1 
382 293 105 38 0.030000 0.470000 1 
292 288 108 41 0.000000 0.390000 1 
151 291 125 73 0.360000 0.340000 1 
386 255 161 61 0.500000 0.280000 1 
389 257 156 50 0.430000 0.280000 1 
372 249 142 45 0.000000 0.280000 1 
294 249 141 55 0.000000 0.280000 1 
219 256 144 57 0.000000 0.280000 1 
307 290 161 71 0.450000 0.280000 1 
474 351 154 69 0.500000 0.500000 1 
306 275 139 47 0.280000 0.310000 1 
366 213 103 31 0.280000 0.290000 1 
326 191 88 33 0.280000 0.290000 1 
289 263 91 40 0.000000 0.420000 1 
259 283 105 52 0.000000 0.420000 1 
242 273 112 62 0.370000 0.390000 1 
286 262 125 63 0.470000 0.370000 1 
302 285 149 72 0.470000 0.370000 1 
330 304 155 78 0.470000 0.340000 1 
342 311 157 88 0.470000 0.260000 1 
316 335 147 96 0.440000 0.180000 1 
382 240 147 96 0.460000 0.050000 1 
203 293 151 98 0.330000 0.050000 1 
390 258 134 106 0.490000 0.000000 1 
280 164 170 82 0.390000 0.000000 1 
397 225 156 82 0.390000 0.140000 1 
228 286 179 68 0.000000 0.170000 1 
180 267 142 112 0.440000 0.130000 1 
227 287 116 139 0.580000 0.120000 1 
523 359 166 74 0.500000 0.500000 1 
225 356 164 89 0.000000 0.290000 1 
405 172 172 66 0.480000 0.130000 1 
314 246 145 50 0.000000 0.300000 1 
334 230 121 34 0.000000 0.300000 1 
275 247 112 40 0.000000 0.340000 1 
218 252 120 55 0.350000 0.340000 1 
270 232 122 58 0.480000 0.340000 1 
244 267 124 118 0.510000 0.360000 1 
350 237 147 59 0.540000 0.350000 1 
379 266 156 58 0.500000 0.350000 1 
394 285 155 51 0.410000 0.350000 1 
257 268 145 45 0.000000 0.300000 1 
217 275 140 75 0.420000 0.290000 1 
362 263 161 74 0.520000 0.270000 1 
326 350 155 102 0.460000 0.270000 1 
353 285 142 84 0.460000 0.110000 1 
364 230 185 94 0.400000 0.060000 1 
306 196 180 58 0.000000 0.070000 1 
386 188 159 52 0.000000 0.170000 1 
481 353 159 75 0.500000 0.500000 1 
356 266 146 39 0.260000 0.320000 1 
377 231 100 33 0.000000 0.310000 1 
303 245 99 39 0.000000 0.370000 1 
222 255 104 46 0.000000 0.370000 1 
261 224 92 44 0.420000 0.370000 1 
384 209 97 42 0.470000 0.400000 1 
303 297 103 46 0.340000 0.480000 1 
328 276 107 40 0.340000 0.400000 1 
219 291 127 53 0.000000 0.370000 1 
268 284 142 79 0.450000 0.320000 1 
309 319 159 103 0.510000 0.290000 1 
434 250 173 78 0.510000 0.190000 1 
327 387 133 101 0.380000 0.190000 1 
338 205 163 102 0.380000 0.000000 1 
247 222 164 82 0.000000 0.080000 1 
158 232 161 108 0.420000 0.100000 1 
303 184 153 119 0.580000 0.110000 1 
241 303 131 132 0.540000 0.220000 1 
491 361 155 82 0.500000 0.500000 1 
165 371 162 122 0.250000 0.300000 1 
311 196 163 111 0.540000 0.120000 1 
272 345 136 119 0.500000 0.200000 1 
248 265 116 155 0.570000 0.040000 1 
264 211 156 144 0.610000 0.040000 1 
287 189 124 154 0.630000 0.090000 1 
268 285 122 152 0.630000 0.210000 1 
272 273 114 168 0.690000 0.160000 1 
354 173 162 122 0.730000 0.130000 1 
409 197 168 73 0.650000 0.280000 1 
259 299 134 109 0.550000 0.360000 1 
273 262 142 98 0.610000 0.310000 1 
256 259 129 101 0.640000 0.310000 1 
248 259 105 98 0.670000 0.310000 1 
284 257 104 114 0.750000 0.310000 1 
111 362 137 131 0.000000 0.310000 1 
236 242 145 124 0.550000 0.170000 1 
295 191 121 101 0.630000 0.170000 1 
336 192 133 69 0.610000 0.300000 1 
444 437 81 148 0.500000 0.500000 1 
400 202 163 67 0.420000 0.130000 1 
199 312 171 93 0.000000 0.200000 1 
380 173 168 72 0.490000 0.120000 1 
181 306 170 93 0.400000 0.240000 1 
214 283 142 141 0.530000 0.160000 1 
300 169 121 127 0.640000 0.120000 1 
250 285 134 138 0.620000 0.280000 1 
294 291 132 137 0.690000 0.220000 1 
375 166 148 115 0.690000 0.150000 1 
266 308 136 139 0.590000 0.300000 1 
312 304 122 136 0.630000 0.200000 1 
395 218 166 103 0.630000 0.120000 1 
434 227 179 80 0.550000 0.150000 1 
247 356 138 103 0.400000 0.180000 1 
366 270 128 99 0.500000 0.020000 1 
243 193 180 88 0.430000 0.010000 1 
244 259 137 135 0.470000 0.110000 1 
258 307 120 144 0.520000 0.110000 1 
245 168 158 123 0.580000 0.030000 1 
303 418 103 138 0.500000 0.500000 1 
389 204 171 71 0.560000 0.190000 1 
316 231 169 58 0.440000 0.250000 1 
211 260 147 70 0.410000 0.270000 1 
225 246 140 108 0.520000 0.270000 1 
260 250 137 106 0.610000 0.270000 1 
382 208 151 89 0.650000 0.270000 1 
304 357 153 112 0.570000 0.330000 1 
501 211 171 106 0.580000 0.150000 1 
192 290 172 78 0.230000 0.200000 1 
302 306 148 99 0.460000 0.150000 1 
234 316 134 132 0.490000 0.070000 1 
238 309 104 165 0.550000 0.000000 1 
343 232 164 127 0.650000 0.000000 1 
425 153 180 78 0.540000 0.060000 1 
210 302 157 121 0.400000 0.210000 1 
380 154 172 48 0.500000 0.140000 1 
175 321 162 81 0.380000 0.300000 1 
302 313 152 115 0.550000 0.200000 1 
388 254 152 80 0.580000 0.120000 1 
348 206 190 68 0.490000 0.120000 1 
210 272 158 116 0.430000 0.180000 1 
226 232 162 124 0.540000 0.160000 1 
357 127 140 78 0.620000 0.170000 1 
267 326 145 93 0.510000 0.380000 1 
254 332 137 145 0.570000 0.260000 1 
236 227 116 155 0.620000 0.110000 1 
337 166 159 104 0.670000 0.140000 1 
431 186 160 64 0.620000 0.280000 1 
