3
7
0.786857 0.337811 0.143112 -0.778796 -0.250971 
0.131124 -0.771329 -0.663627 -0.415011 -0.798306 
0.0799095 -0.904983 -0.774708 -0.968651 0.636766 
-0.609742 -0.242374 0.495242 -0.572019 -0.580007 
0.409393 0.223823 0.108164 -0.734785 0.166283 
0.658097 -0.715749 -0.368153 0.926934 0.906714 
-0.676006 0.491387 -0.9962 -0.947096 0.428399 

5
3.78884 3.87362 3.98328 3.56654 3.73032 
-0.249037 0.594206 0.897971 -0.0410418 -0.929424 
0.811318 -0.0117306 0.700641 0.314885 0.376345 
-0.94682 -0.525815 -0.712526 -0.805181 -0.339262 
-0.173859 -0.750416 0.846333 -0.609001 0.0933867 

5
0.0666798 -0.495895 
-0.108899 0.753411 
-0.0903768 -0.720326 
0.201729 0.0472393 
0.319914 0.623559 

