3
7
0.494662 -0.419548 -0.843905 -0.786218 -0.615234 
0.744309 -0.518205 -0.712686 -0.205738 0.167461 
-0.87101 -0.187795 -0.10018 -0.450108 0.429266 
-0.454324 0.71075 -0.69965 0.0859265 0.557174 
0.68235 0.809608 0.373469 -0.855359 -0.480907 
-0.0591379 -0.42028 -0.550086 0.287421 0.322186 
-0.701832 -0.370204 0.754402 0.621961 0.713077 

5
-0.0515615 0.824749 0.299189 0.953853 0.00459792 
0.608698 -0.554375 -0.915716 -0.498107 0.701138 
-0.439317 0.32654 -0.436599 -0.951036 0.531465 
0.874238 0.627293 -0.573199 -0.677865 -0.150303 
0.862638 0.342471 -0.976764 -1.11934 -0.0496333 

5
-0.0351916 0.602912 
0.60313 -1.03817 
-0.52518 -0.38637 
-0.631562 0.847986 
0.951336 0.634054 

