397 360 158 70 0.416667 0.590909 1 
223 307 164 88 0.016667 0.400909 1 
417 371 160 61 0.416667 0.590909 1 
166 269 144 68 0.026667 0.390909 1 
515 357 200 73 0.500000 0.500000 1 
153 331 175 111 0.000000 0.320000 1 
426 150 185 73 0.560000 0.200000 1 
192 360 134 79 0.390000 0.360000 1 
477 80 133 54 0.560000 0.190000 1 
188 391 139 108 0.000000 0.510000 1 
193 308 170 134 0.500000 0.290000 1 
481 220 219 108 0.620000 0.190000 1 
485 292 180 146 0.450000 0.220000 1 
158 360 173 147 0.000000 0.150000 1 
442 347 179 81 0.500000 0.500000 1 
149 350 181 121 0.340000 0.330000 1 
488 172 104 64 0.570000 0.170000 1 
118 299 167 102 0.000000 0.320000 1 
236 267 148 139 0.580000 0.250000 1 
528 233 234 105 0.680000 0.230000 1 
176 248 177 114 0.420000 0.230000 1 
463 168 182 63 0.580000 0.230000 1 
408 261 160 53 0.380000 0.380000 1 
235 287 143 67 0.200000 0.380000 1 
445 335 176 77 0.500000 0.500000 1 
165 347 189 109 0.380000 0.340000 1 
364 109 147 56 0.560000 0.190000 1 
382 266 142 64 0.440000 0.430000 1 
364 280 136 57 0.310000 0.420000 1 
204 294 139 66 0.000000 0.390000 1 
219 260 140 89 0.450000 0.330000 1 
235 274 168 112 0.530000 0.330000 1 
340 322 185 117 0.590000 0.310000 1 
481 240 219 108 0.550000 0.200000 1 
227 372 164 127 0.000000 0.200000 1 
193 256 165 167 0.490000 0.000000 1 
527 138 265 117 0.630000 0.000000 1 
320 210 180 74 0.000000 0.190000 1 
227 276 176 95 0.000000 0.280000 1 
441 251 203 90 0.460000 0.260000 1 
406 292 194 89 0.000000 0.260000 1 
251 279 204 101 0.000000 0.200000 1 
207 277 211 125 0.440000 0.180000 1 
336 164 198 74 0.550000 0.150000 1 
522 362 185 69 0.500000 0.500000 1 
121 303 201 94 0.000000 0.290000 1 
331 153 174 78 0.590000 0.220000 1 
262 278 149 106 0.530000 0.380000 1 
269 271 160 108 0.560000 0.350000 1 
257 277 168 115 0.610000 0.330000 1 
260 282 161 146 0.650000 0.290000 1 
286 284 155 150 0.680000 0.260000 1 
341 274 163 167 0.700000 0.200000 1 
350 288 185 146 0.640000 0.180000 1 
375 273 195 110 0.600000 0.140000 1 
371 263 208 103 0.520000 0.120000 1 
363 260 202 100 0.410000 0.120000 1 
389 236 186 108 0.000000 0.120000 1 
342 271 190 94 0.000000 0.120000 1 
221 268 205 124 0.000000 0.100000 1 
310 154 186 88 0.520000 0.090000 1 
315 206 164 69 0.450000 0.250000 1 
334 226 154 51 0.400000 0.320000 1 
319 363 175 99 0.500000 0.500000 1 
343 262 192 76 0.500000 0.310000 1 
339 271 187 72 0.460000 0.310000 1 
357 281 202 80 0.410000 0.280000 1 
376 305 193 99 0.000000 0.250000 1 
227 287 188 103 0.000000 0.160000 1 
218 290 185 151 0.460000 0.130000 1 
357 246 186 110 0.560000 0.080000 1 
379 225 197 105 0.500000 0.080000 1 
354 270 191 106 0.350000 0.100000 1 
409 261 160 111 0.000000 0.090000 1 
282 252 196 97 0.000000 0.090000 1 
178 259 175 112 0.410000 0.090000 1 
342 123 187 85 0.550000 0.090000 1 
408 263 191 69 0.460000 0.300000 1 
261 314 181 96 0.000000 0.300000 1 
257 260 170 111 0.450000 0.220000 1 
217 272 173 124 0.480000 0.220000 1 
261 279 168 150 0.560000 0.200000 1 
284 215 166 122 0.590000 0.180000 1 
