397 360 158 70 0.416667 0.590909 1 
223 307 164 88 0.016667 0.400909 1 
417 371 160 61 0.416667 0.590909 1 
166 269 144 68 0.026667 0.390909 1 
515 357 200 73 0.500000 0.500000 1 
153 331 175 111 0.000000 0.320000 1 
426 150 185 73 0.560000 0.200000 1 
192 360 134 79 0.390000 0.360000 1 
477 80 133 54 0.560000 0.190000 1 
188 391 139 108 0.000000 0.510000 1 
193 308 170 134 0.500000 0.290000 1 
481 220 219 108 0.620000 0.190000 1 
485 292 180 146 0.450000 0.220000 1 
158 360 173 147 0.000000 0.150000 1 
